5 0.12318087288408783 0.613403285656304 0.22972972913615905 0.31595250164780686
5 0.5654885646311854 0.5166250402385371 0.22453222215794214 0.31025966324594595
5 0.7588357588687338 0.8368471720469488 0.2307692289885182 0.3131060797284593
5 0.8778586280894607 0.2483500528542301 0.2255717245824405 0.3145292916766484
5 0.5280665277367667 0.8275963111884802 0.22869022803070618 0.3116828739584909
5 0.5239085240404284 0.06760245015278571 0.23076923076923087 0.13520490030557142
1 0.26819126763067347 0.0775649177267354 0.2411642395154335 0.1551298354534708
1 0.21569646543265647 0.29460436171845555 0.22349272375653262 0.2931811522415549
1 0.4350311872405869 0.2625821513919532 0.21517670996648416 0.2974507622611546
1 0.655405402470526 0.24336881529853926 0.21933471346496483 0.29318113778451427
1 0.7863825398780097 0.5337035563090706 0.21517670924101054 0.2960275566147516
1 0.3404365882271876 0.5379731763373918 0.21933471056306406 0.293181132718373
1 0.30093554958352897 0.8318659401134408 0.21517670627315552 0.2917579249713742
1 0.7546777556010865 0.06119800299663006 0.21413720187008842 0.12239600599326012
